244318208   245366783
390977024   390977535
400740864   400740895
453025792   453027839
460324864   460341247
462422016   462487551
453509120   455081983
400742368   400742399
400742976   400743007
401582080   401582111
771316736   771317759
999890944   999891967
1024340992  1024341247
738101248   738107391
755183616   755185407
762444800   762446847
762542080   762543103
763259904   763263999
771296256   771303423
1701314560  1701576703
1709850624  1709852671
1728419840  1728420863
1728594944  1728595967
1728778240  1728779263
1729087488  1729088511
400741984   400742015
401584640   401584671
738122752   738128895
762480640   762481663
771454976   771457023
1082788880  1082788887
1729010688  1729011711
1729474560  1729475583
1731550208  1731551231
1731762176  1731763199
1732094976  1732097023
1732168704  1732174847
1783234560  1783365631
708771840   708837375
713031680   714080255
736120832   736121855
1850521600  1850522623
1860960256  1861091327
1731505152  1731507199
1731594240  1731595263
1732243456  1732249599
1741529600  1741529855
1741785088  1741786111
1741905920  1741907967
1742955520  1742956543
1743098880  1743099903
1743388672  1743389695
1743432704  1743433727
1743576064  1743577087
1743785984  1743787007
1743830016  1743831039
1114045312  1114045411
459505664   459538431
2087454720  2087456767
2090860544  2091384831
16908288    16909055
630982144   630982399
1097131456  1097131471
710098944   710104063
737316864   737324031
737393664   737394687
737692672   737712127
738129920   738135039
738144256   738145279
762423296   762424319
762931200   762932223
771681280   771683327
736147456   736148479
736221184   736229375
736400384   736402431
738147328   738152447
738181120   738182143
401585920   401585951
1002373120  1002405887
1029160960  1029177343
714875904   716930047
1701210112  1701216255
1728394240  1728396287
1729790976  1729791999
1730077696  1730078719
1730430976  1730431999
1730563072  1730564095
1731269632  1731270655
1731292160  1731293183
2081292288  2081554431
2091646976  2091909119
3082289152  3087007743
1728465920  1728466943
1728863232  1728864255
1729170720  1729170750
1732077568  1732078591
1732217856  1732219903
1732386816  1732387839
1732454400  1732483071
1732629504  1732630527
1732829184  1732845567
1740732416  1740733439
1741028608  1741029375
1741173760  1741174783
737148928   737149951
737210368   737220607
737739776   737740799
737847296   737848319
737866752   737867775
738153472   738154495
762373120   762376191
762562560   762563583
763177984   763179007
771404800   771408895
771437568   771438591
1287611392  1287611423
1070709766  1070709766
1743066112  1743067135
1743684608  1743685631
1743740928  1743741951
711196672   711458815
737837056   737838079
738075648   738076671
738179072   738180095
762454016   762455039
771252224   771256319
762571776   762572799
762881024   762882047
771426304   771427327
771588608   771629055
999829312   999829343
1025299456  1025299711
794334208   794341375
996868096   997195775
999883776   999884799
999924736   999932927
607649792   608174079
630818304   630818559
2532465664  2532467711
1728886784  1728887807
794361856   794362111
830472704   830474239
975044608   977272831
982515712   982581247
836501504   836763647
999751680   999784447
1002434560  1002438399
1017118720  1019215871
461626368   461627391
401583104   401583135
620724224   620725247
620625920   620691455
708706304   708751359
736209920   736210943
736239616   736263167
736423936   736424959
736593920   736606207
737170432   737171455
737678336   737679359
737805312   737806335
737858560   737861631
737932288   737933311
738109440   738111487
762612736   762613759
763092992   763102207
771385344   771398655
1729490944  1729491967
1730125824  1730126847
1731250688  1731251199
1731502080  1731504127
1744419840  1744421887
1744492544  1744493567
1744715776  1744719871
1744823296  1744824319
3033715712  3033716735
3056664576  3056734207
3075383296  3075385343
2957202984  2957202987
3078619136  3081437183
3392506880  3392507135
3393026816  3393027071
3393282048  3393286143
3394087472  3394087487
3394508288  3394508543
3397217536  3397217791
3398279168  3398287359
2875719680  2877292543
3389324288  3389325311
3389937664  3389937919
3389946880  3389947391
3389979392  3389979647
3390330624  3390331647
3391528448  3391529471
3391653632  3391654143
3029637120  3029639167
3056795648  3056861183
3058696192  3059548159
3070230528  3074949119
3076227072  3076228095
3389669376  3389673471
3389971200  3389971711
3389975296  3389976575
3391654912  3391655167
3391717888  3391718399
3460908160  3460908191
2353725440  2353790975
3412377600  3412381695
3413024768  3413032959
3415277568  3415285759
3417352192  3417354239
3418292224  3418292991
3486638624  3486638639
1742247936  1742248959
1742266368  1742268415
1743311872  1743312895
3394306048  3394307071
3397832704  3397836799
3411474944  3411475199
3413266432  3413270527
3480593664  3480593919
456271872   456273919
3661103104  3662735743
3682598912  3684696063
3701080064  3701211135
3707209728  3707211775
3720863744  3723493375
3029860352  3030929715
3031592960  3031595007
3056758784  3056762879
3346194432  3346194687
2066841600  2066874367
2090598400  2090663935
1744073728  1744074751
1744130048  1744131071
1744345088  1744346111
1744510976  1744511999
1744686080  1744687103
3399004160  3399008255
3029696512  3029704703
3048122928  3048122943
2344419328  2344484863
3535388672  3535405055
2738200576  2738204671
2746417152  2746482687
1731816448  1731817471
1731860480  1731861503
1732134912  1732140031
1740711936  1740713983
3400263680  3400263935
3400589312  3400597503
3406151168  3406151423
3406684928  3406685183
3406857472  3406857727
3407048448  3407048703
3407258368  3407258623
3407358720  3407358975
3407390464  3407390719
3407410176  3407410431
3407446784  3407447039
3090307584  3090308607
3633035088  3633035095
2874146816  2875195391
2882535424  2883583999
3391529984  3391532031
3391717376  3391717631
3393017856  3393018879
3393257472  3393260031
3393520640  3393521663
3393867776  3393871871
3394772992  3394774015
3397128192  3397131263
3397234688  3397238783
3398614016  3398615039
459964416   459980799
1728706560  1728709631
1729170848  1729170878
1729290240  1729291263
1729543168  1729544191
1729574912  1729575935
1729828864  1729829887
1730522112  1730524159
1730703360  1730704383
1730770021  1730770274
1730813952  1730814975
1730920448  1730922495
1730957312  1730958335
1731067904  1731068927
1731339264  1731340287
389925632   389925887
402188800   402189823
3389972736  3389973503
3391490048  3391492095
3392020480  3392028671
3393012736  3393013759
3395288064  3395379199
837746688   837763071
920518656   920649727
1024332672  1024332799
1025245184  1025277951
1728908288  1728909311
1729601536  1729603583
1701209088  1701209855
1728712704  1728713727
1729060864  1729061887
1743505408  1743506431
1743903744  1743904767
1743967232  1743968255
1744124928  1744125951
1744373760  1744375807
1744500736  1744502783
1744744448  1744745471
1744787456  1744789503
1744818176  1744820223
1731701760  1731702783
1732045824  1732046847
1732222976  1732230143
1740700672  1740701695
1740737536  1740740607
1741245440  1741257727
1741411328  1741413375
1741451264  1741452287
1741551616  1741554687
1741801472  1741802495
1741892608  1741893631
1742135296  1742136319
1742150656  1742153727
3397974016  3397975039
3399519232  3399520255
3407537152  3407537407
3407570432  3407570687
3407632384  3407632639
3407785216  3407785471
3407820288  3407820799
3407886336  3407886591
3407891456  3407891711
3408016896  3408017151
3408020224  3408020479
3409436672  3409436927
3409496320  3409496575
3409567744  3409571839
3409575168  3409575935
1740859392  1740860415
1741216768  1741232127
1741517824  1741519871
1742022656  1742038015
1742512128  1742523391
1742743552  1742745599
1742868480  1742869503
1742963712  1742965759
1743254528  1743255551
1743850496  1743851519
1742427136  1742432255
1742753792  1742754815
1743040512  1743041535
1743151104  1743152127
1743258624  1743259647
1743305728  1743306751
1743501312  1743502335
736360448   736380927
736510976   736513023
737243136   737244159
737326080   737327103
762393600   762395647
762510336   762511359
2574647296  2574778367
460521472   460554239
1744349184  1744350207
1744445440  1744446463
2792292352  2792357887
459735040   459800575
460136448   460144639
1729632256  1729633279
1729696768  1729702911
1856847872  1856864255
977403904   977534975
1019346944  1019478015
1024381952  1024385023
1026392064  1026408447
460316080   460316095
460945408   460947455
604241920   604504063
620232704   620494847
620733440   620734463
762864640   762865663
763118592   763119615
763164672   763165951
985661440   987758591
1996652544  1997078527
1999298560  1999306751
1999372288  1999503359
2054160384  2054376447
2055239680  2055241727
2087542784  2087544831
2096693248  2096889855
2097020928  2097037311
2111201280  2111209471
1082789600  1082789631
1694564352  1694565375
1699618816  1699627007
1701724160  1701736447
1728502784  1728503807
1897857024  1897922559
1898708992  1899233279
1909194752  1909456895
1909784576  1909817343
1916141568  1916272639
1919976192  1919999999
1931476992  1931739135
1934884864  1934901247
1950658560  1950660607
1952250469  1952250470
1969717248  1969721343
2829058048  2829123583
679313408   679346175
1897736384  1897736447
1908761600  1908762623
1919877120  1919885311
1921863680  1921865727
1941831680  1945108479
1952250401  1952250406
1952251418  1952251418
1952251690  1952251690
1952251794  1952251794
1970274304  1970798591
1971060736  1975517183
1981546496  1981808639
1985736704  1985740799
2738168832  2738177023
1743969280  1743970303
1744013312  1744014335
1744214016  1744216063
3398307840  3398311935
3405960704  3405961215
3406346240  3406346495
3406541824  3406542847
3406567424  3406567679
3407007744  3407007999
3407078400  3407079423
1997506560  1997508607
1998389248  1998454783
1998569472  1998577663
2003566592  2003697663
2034499584  2034761727
2054377472  2054422527
3548905472  3550491391
3081502720  3081764863
1937510400  1937514495
1952075776  1952079871
1952102400  1952104447
1966669824  1966768127
1984430080  1985085439
2017460224  2017984511
2035023872  2035154943
3409526016  3409526271
3410867200  3410868223
3411054592  3411058687
3411216384  3411218431
3411769344  3411771391
3411805696  3411805951
3413571584  3413572607
2482233344  2482241535
3393906688  3393907711
3732733952  3732799487
3749840896  3749841919
3390325248  3390325503
3390413824  3390414079
3391893504  3391894527
3399864320  3399868415
3405820160  3405820415
3405863424  3405863679
3406070784  3406071551
3406084608  3406084863
3406105344  3406105599
3406451712  3406452991
3406515200  3406516223
3406686464  3406686719
3406763520  3406763775
3406988032  3406988287
3407101184  3407101439
3407120128  3407120383
3407278592  3407279103
3407387904  3407388159
3407475200  3407475455
3407503616  3407503871
3407546880  3407547135
3407565056  3407565311
3407608320  3407608575
3407653120  3407653631
3407790592  3407790847
3407851776  3407852031
3409550592  3409550847
3411145728  3411146751
3418189824  3418190847
3673161728  3673686015
3741319168  3742367743
456542208   456544255
3416293632  3416293887
3514727089  3514727089
1728628736  1728630783
1728730112  1728731135
1729040384  1729041407
1742389248  1742396415
1742874624  1742875647
1743336448  1743337471
1743654912  1743666175
1743844352  1743845375
1744043008  1744044031
1744463872  1744464895
1744486400  1744487423
3407145984  3407146239
3407155712  3407155967
3407161600  3407161855
3407234048  3407234303
3407362048  3407362303
3407455232  3407455487
3407494144  3407494399
3407515392  3407515903
3407544320  3407544575
3407549952  3407550463
3407603968  3407604223
3407699712  3407699967
3407729152  3407729407
3407788800  3407789055
2060189696  2060451839
2070937600  2072510463
2099232768  2100297727
2113830912  2113863679
1932263424  1933574143
1952250417  1952250418
1952250993  1952250993
1954545664  1958805503
1959133184  1959239679
2011693056  2011824127
2423980032  2424045567
704651264   704659455
704675840   704723967
2737767424  2737768447
1877696512  1877704703
1879048192  1883218547
3341742211  3341742211
2532501504  2532506623
645622272   645622527
736145408   736146431
737161216   737162239
737166336   737169407
737811456   737814527
738072576   738073599
738183168   738187263
762362880   762363903
762506240   762507263
762958848   762959871
762985472   763000831
763120640   763122687
763201536   763202559
2516582400  2516647935
1730994176  1730995199
1731288064  1731290111
1731479552  1731483647
1731567616  1731568639
1731590144  1731591167
1731678208  1731679231
1861222400  1866465279
1874853888  1876426751
1909766144  1909768191
1952250421  1952250422
1952250449  1952250451
1952250481  1952250482
2063859712  2064646143
2075197440  2076180479
2108227584  2108293119
1921875968  1921892351
1952250413  1952250413
1952250602  1952250602
1992372260  1992380415
2033627136  2033629183
2053505024  2053509119
2063548416  2063550463
2567110656  2567176191
1729372160  1729373183
1729658880  1729659903
1960189952  1960202239
1969793024  1969795071
1981284352  1981480959
1986400256  1986406399
2033090560  2033319935
2044723200  2045771775
2111111168  2111143935
3389958400  3389960447
3390407424  3390407935
3391523840  3391524863
3391686656  3391687167
2917170958  2917170958
3389407744  3389408255
3389414400  3389414911
3389417216  3389417471
3391414784  3391415039
3391885312  3391889407
3393189888  3393190911
3393366016  3393367039
1287611904  1287611935
3392782336  3392786431
1701011456  1701019647
1710950400  1711210495
1728141312  1728142335
1728372736  1728373759
1728547840  1728548863
1728967680  1728968703
643821056   643821311
1887043584  1887764479
1897398272  1897660415
1897735424  1897735679
1919948288  1919975935
736305152   736324607
736388096   736389119
736515072   736516095
737282048   737288191
737335296   737337343
737627136   737628159
737769472   737770495
737992704   737993727
738119680   738120703
763132928   763133951
3398668288  3398672383
3399531520  3399532543
3399933952  3399942143
3400335360  3400336383
3406444544  3406444799
3406617344  3406617599
3406881792  3406882047
3406886144  3406886399
3406963968  3406964223
3407203840  3407204095
3407297792  3407298047
3407376128  3407376639
3407471872  3407472127
3407833344  3407833855
3407939328  3407939583
3407977472  3407977727
3408064512  3408064767
3409504000  3409504511
3409513472  3409513983
3409538304  3409538559
3409873664  3409873919
3409879296  3409879551
3412348928  3412361215
3412598784  3412602879
3413602560  3413604351
3416273920  3416274943
3416372992  3416373247
3416981504  3416982527
3417292800  3417333759
3417853952  3417858047
3418357760  3418365951
3419242496  3419275263
3420038144  3420039167
3393744896  3393748991
1848115200  1848377343
1850212352  1850343423
1850523648  1850572799
1904476160  1905262591
1921449984  1921515519
1934934016  1934942207
1949564928  1949958143
2947592192  2947593215
3453070080  3453070335
2871132160  2872049663
3168175656  3168175663
3706208256  3706224639
3750756352  3752067071
3460940608  3460940639
3106821760  3106821887
3088829440  3088829695
2892365824  2892366847
2343174144  2343239679
3406820864  3406821119
3406864640  3406865151
3406923776  3406924031
3407024640  3407024895
3407085312  3407085567
3407097856  3407098111
3407144960  3407145215
3407498240  3407498495
3407689984  3407690239
3407701760  3407702015
3407863296  3407863807
3407864064  3407864319
3407954688  3407955199
3407995392  3407995647
3409473024  3409473279
3411025920  3411030015
3411410944  3411443711
2532455168  2532457471
2569142272  2569404415
1741457408  1741462527
1741515776  1741516799
1741972480  1741975551
1742090240  1742091263
1742494720  1742499839
1742608384  1742662655
2344222720  2344288255
2346254336  2346319871
2365521920  2365587455
2525626368  2525757439
2532470784  2532473855
2532499456  2532500479
1897261056  1897263103
1899888640  1904345087
3025666048  3025928191
3031613440  3031629823
3063742464  3063807999
3107402932  3107402939
400742176   400742207
1729301504  1729302527
1729682432  1729683455
1729708032  1729710079
1730565120  1730566143
1731604480  1731605503
1731731456  1731732479
1002438656  1008730111
831514914   831514919
794313472   794313727
1066828208  1066828215
1732705280  1732707327
1732765696  1732766719
1744177152  1744179199
1744283648  1744286719
1744337920  1744338943
1744434176  1744435199
2699968512  2699969535
2197081371  2197081371
1960837120  1961109255
1962829824  1962831871
2584871978  2584871983
3389554688  3389562879
3389939968  3389940223
3391660544  3391660799
3400336896  3400337151
3405812736  3405812991
3405868032  3405868287
3406586880  3406587391
3406884864  3406885119
3406987520  3406987775
3407059968  3407060223
3407282176  3407282431
1743566848  1743567871
1744115456  1744115711
1744494592  1744495615
1991901184  1992097791
3103928320  3103929343
1548182016  1548182527
3494368256  3494369279
3701473280  3704619007
3706159104  3706191871
3754295296  3754426367
3494999040  3495000063
1728566272  1728569343
1729219584  1729220607
1729815552  1729816575
1729875968  1729876991
1729942528  1729943551
1730512896  1730521087
1730577408  1730578431
1730979840  1730980863
1731145728  1731146751
1731189760  1731190783
2584871944  2584871944
3399528448  3399529983
3415769088  3415777279
3416784896  3416793087
3416930816  3416931327
3418221568  3418223615
3405809920  3405810175
3406113792  3406114047
3406148608  3406149375
3406405120  3406405375
3406721536  3406722047
3406747136  3406747391
3407009536  3407009791
3407045888  3407046143
3407172096  3407172351
3407339520  3407339775
3407526144  3407526399
3407735040  3407735551
3407824896  3407825151
3408065792  3408066047
3409435136  3409435391
3409435904  3409436159
2013065216  2014314495
3697655808  3697672191
3707764736  3708600319
3732930560  3733979135
3413569792  3413570047
3418299392  3418300415
2532461568  2532463615
2688420352  2688420607
3460913952  3460914015
1729693696  1729694207
1729729536  1729730559
1730127872  1730128895
1730579456  1730580479
1730723840  1730724863
1730744320  1730744575
1730770788  1730770941
1731508224  1731509247
1731572736  1731573759
1731993600  1731994623
1732027392  1732028415
1732535296  1732536319
1732614144  1732615167
1732678656  1732679679
1740636160  1740644351
1741168640  1741169663
1741445120  1741446143
1741675520  1741676543
3394889728  3394891775
645621248   645622015
3399414272  3399414527
3399770112  3399778303
3405806080  3405806335
3406351104  3406351359
3406517248  3406518271
3406523648  3406523903
3406615296  3406615551
3406982656  3406982911
3407054080  3407054335
3407057664  3407057919
2634022912  2634088447
3394854912  3394855935
3394860800  3394861055
3395181568  3395182591
3398394880  3398396927
3409562112  3409562367
3411642368  3411643391
1952250410  1952250410
1952250473  1952250473
1952250786  1952250786
2033491968  2033500159
2070347776  2070380543
2101182464  2101231615
3400366080  3400367103
3401404416  3401408511
3405786368  3405786623
3405865216  3405865471
3406075648  3406076927
3406202880  3406203135
3406271232  3406271487
3406548992  3406550015
3406903296  3406903551
3406930944  3406931199
3406954240  3406954495
3406991360  3406991615
3407096832  3407097087
3407112704  3407113215
3407116800  3407117055
3407266304  3407266559
3407370752  3407371007
3407377408  3407377663
3407462144  3407462399
3407481856  3407482111
3407499264  3407499519
3407652096  3407652351
3407733504  3407733759
3407747328  3407747583
3407797248  3407797503
3407905280  3407905535
3407906048  3407906303
2641870848  2641872895
2419104768  2419105791
3418294016  3418294271
3419902464  3419902719
3528949760  3528966143
1847757824  1847758847
1860435968  1860698111
1873543168  1874329599
1896611840  1897070591
1919918080  1919926271
1946222592  1946943487
3716677632  3716808703
3732832256  3732865023
3392827392  3392827647
3392958464  3392962559
3393658880  3393662975
3394111488  3394113535
3394994176  3394995199
3395223552  3395231743
3397330944  3397337087
3397722112  3397726207
3706847232  3706978303
3755978752  3755986943
2258611968  2258611999
1731900928  1731901439
1732322304  1732324351
1732701184  1732702207
1729553408  1729554431
1729884160  1729885183
1731153920  1731154943
1731282944  1731284991
1731650560  1731651583
2869428224  2869952511
1997725696  1998061567
2008023040  2009071615
2017992704  2018000895
2022244352  2022277119
2035253248  2035269631
2050162688  2050228223
2060005376  2060009471
2080784384  2080800767
3524591616  3524722687
2641886208  2641887231
3411804160  3411805183
3411845120  3411853311
3048122416  3048122431
3460944480  3460944511
999821312   999827455
1023717376  1023721471
1024328192  1024328255
1024342272  1024343295
1025343488  1025376255
3392827904  3392828415
3392954368  3392956415
3393388544  3393389567
3393977344  3393978367
3395039232  3395043327
3389409280  3389409791
3390409984  3390410495
3390412288  3390413567
3391526144  3391528191
3391535104  3391553535
3393191168  3393191423
3393585152  3393593343
3394503680  3394507263
1833370624  1833370879
1908932608  1909129215
3407398656  3407398911
3407536128  3407536383
3407606016  3407606271
3407624192  3407624447
3407771904  3407772159
3408050944  3408051199
3409405184  3409405439
3409509888  3409510143
3411050752  3411051007
3411228672  3411230719
3411673088  3411674111
2641865728  2641866751
3063955456  3063963647
3076259840  3076521983
2738215936  2738216959
1753509888  1753510143
1783627776  1784676351
1998585856  1999130623
2000224256  2000355327
2000625664  2000633855
2030045184  2030051327
2033713152  2033876991
2033879040  2033887231
2046754816  2046820351
2083127296  2083192831
2083454976  2083471359
2086141952  2086666239
2111242240  2111258623
2332412928  2332415999
1845886976  1846018047
1850508288  1850509311
3026073600  3026075647
3028811776  3029336063
1115133184  1115133439
1731357696  1731362815
3407352320  3407352575
3407369728  3407369983
3407378944  3407379455
3407448576  3407448831
3407574272  3407574527
3407576320  3407576575
3407687168  3407687423
3407723264  3407723519
3407738880  3407739135
3408020736  3408020991
3409475840  3409476095
3409495552  3409495807
3409498112  3409498879
3411177472  3411181567
3411271680  3411275775
3411641600  3411641855
1778385408  1778393087
2532453376  2532454399
3394719744  3394723839
3395156992  3395158015
3395178752  3395179007
712713216   712769535
737180672   737184767
737188864   737206271
737542144   737567743
737731584   737733631
620735488   620737535
620740608   620741631
736137216   736138239
737368064   737369087
737391616   737392639
999912448   999913471
1023148032  1023213567
1024328272  1024328447
1031798784  1035993087
1287610368  1287610399
877658112   877920255
1695547392  1697775615
1702889472  1702903807
1707835392  1707845631
1710948352  1710949375
1728137216  1728138239
1728329728  1728330751
1728423936  1728424959
794362368   794365695
643820544   643820799
654311936   654376959
662700032   666894335
878706576   878706591
1067617792  1067618047
1082789360  1082789375
736414720   736415743
737351680   737352703
737408000   737409023
737608704   737610751
762383360   762388479
762548224   762549247
978518016   978583551
981467136   981991423
1010761728  1010827263
977567744   977600511
979599360   979763199
1114045424  1114045439
736125952   736126975
736151552   736156671
736157696   736158719
462684160   463470591
610271232   618659839
762590208   762591231
762832896   762833919
763257856   763258879
771260416   771262463
771378176   771384319
778500864   778501119
707788800   708575231
710962176   711065599
736219136   736220159
736381952   736382975
736392192   736394239
736462848   736465919
736525312   736526335
736536576   736537599
737298432   737305599
1037591500  1037591503
763011072   763026431
763286528   763287551
771720192   771750911
1170212864  1170214911
2462347264  2462349311
2416377856  2416443391
2364932096  2364997631
1728633856  1728634879
1729032192  1729033215
1729170688  1729170718
1729171072  1729171102
1729562624  1729563647
2917170740  2917170740
2917170952  2917170952
2942992384  2943025151
3389292544  3389300735
3389811200  3389811455
3391500288  3391523583
3391655680  3391656447
3391723520  3391725567
3392787456  3392789503
3393167360  3393175551
3393634304  3393638399
3418071040  3418079231
3400847360  3400849407
3405779456  3405779711
3406006016  3406006271
3406115840  3406117375
3406663936  3406664191
3406791168  3406791679
3406796032  3406796287
3406816000  3406816255
3406948096  3406948351
3406967808  3406968063
3407079680  3407079935
3407115520  3407115775
3407259136  3407259391
3407354624  3407354879
3407395328  3407395839
3407504896  3407505407
3407557888  3407558143
3407797760  3407798015
3407801088  3407801343
1743115264  1743118335
1743196160  1743198207
1743510528  1743545343
1743607808  1743608831
1743773696  1743774719
1744362496  1744365567
2584872002  2584872008
2584872010  2584872015
2945581056  2946236415
2948104192  2948120575
3418993920  3418994431
3419414528  3419422719
3399024640  3399025663
3400933376  3400937471
3400974336  3400982527
3405991936  3405993983
3405998336  3405998591
3406274048  3406274303
3406379264  3406379519
3406528000  3406528255
3406733824  3406734079
3406817280  3406819839
3406825984  3406826239
3407008512  3407008767
3407303936  3407304191
3407329792  3407330303
3407340032  3407341567
3407399424  3407399679
3407450880  3407451135
3407566848  3407567103
3407618304  3407618559
3407643392  3407643647
3407922176  3407922431
3408065024  3408065279
3409380352  3409380607
3409491712  3409491967
3409527296  3409527551
3389227008  3389227519
3389681664  3389685759
3407236608  3407236863
3407307264  3407307519
3407351040  3407351295
3407495424  3407495679
3407523840  3407524095
3407645696  3407645951
3407763200  3407763455
3407819520  3407819775
3407898112  3407898367
3407921152  3407921407
3407968768  3407969023
3409381888  3409382143
3409382656  3409382911
3398770688  3398778879
3460953632  3460953647
3107402910  3107402911
3395006464  3395010559
3398926336  3398934527
3403687810  3403687810
3406352640  3406354431
3406382592  3406383359
3406525696  3406525951
3406526976  3406527231
3406583552  3406583807
3406797824  3406798847
3391622912  3391623167
3391900160  3391900415
3391918592  3391919103
3392111104  3392111615
794329088   794330623
835715072   835977215
3419688960  3419693055
1743755264  1743757311
3550492160  3551002623
3397021696  3397026047
3398616064  3398619135
2742878208  2742943743
2750739968  2750740223
3398383616  3398385663
3398902016  3398902271
3399856128  3399860223
3399872256  3399873023
3400364032  3400365055
1702363136  1702821887
1702887424  1702888447
1728224256  1728225279
1728445440  1728446463
1729122304  1729125375
1729129472  1729130495
1729170944  1729170974
1729482752  1729483775
1729703936  1729704959
1730145280  1730146303
1730770377  1730770786
3407887360  3407887615
3409387008  3409387263
3409445888  3409446143
3409492224  3409492479
3409896448  3409897471
3411148800  3411149311
3411475968  3411476479
3398832128  3398840319
3401580544  3401642495
736452608   736453631
737385472   737386495
737403904   737405951
400744224   400744255
401583360   401583391
973996032   974782463
1024389120  1024391167
736356352   736357375
737113088   737115135
737849344   737850367
762545152   762546175
763073536   763076607
763307008   763308031
456294400   456327167
456572928   456589311
460345344   460349439
643001856   643002367
737618944   737620991
737799168   737800191
738112512   738118655
738136064   738137087
762398720   762399743
762417152   762419199
762470400   762471423
762569728   762570751
762652672   762653695
762674176   762675199
763244544   763246591
763299840   763301887
763353088   763354111
1910112256  1912340479
1933918208  1933922303
1939079168  1939865599
1952250534  1952250534
1952251370  1952251370
1952251618  1952251618
1959108608  1959110655
1963458560  1963982847
1969694720  1969696767
1989148672  1989410815
2003828736  2006188031
2006433792  2006450175
2047773185  2047803391
1730057216  1730058239
1730097152  1730103295
1730481152  1730483199
1728542720  1728543743
1697997824  1697998847
1698693120  1699611647
1707868160  1708130303
1730959360  1730960383
1707846656  1707851775
2063630336  2063646719
3468085200  3468085207
1846542336  1846804479
1873412096  1873477631
3405944320  3405944575
3405988864  3405989119
3406152448  3406152703
3406328576  3406328831
3406650368  3406651391
3406700800  3406701055
3407038464  3407038719
3407065600  3407066111
3407095808  3407096319
3407159552  3407160063
3407384832  3407385087
3407464192  3407464703
3407508224  3407508735
3407847936  3407848191
3407887872  3407888127
3407892736  3407892991
3407896320  3407896575
3407970560  3407970815
3409454592  3409454847
3409499648  3409499903
3409500160  3409500415
3409541888  3409542143
1694673920  1694674943
1728430080  1728431103
1728474112  1728475135
1728577536  1728580607
1728899072  1728900095
1729605632  1729606655
1729776640  1729777663
1729953792  1729954815
1730446336  1730448383
1730753536  1730754559
1730769937  1730770019
1730822144  1730824191
1730895872  1730898943
1730930688  1730931711
2942697472  2942763007
3749183488  3749838847
1914437632  1914503167
1941176320  1941438463
1952251433  1952251434
1952251809  1952251810
1959723008  1960050687
1964310528  1965948927
1969688576  1969692671
1969798144  1969798399
1986503680  1986507775
1994391552  1994850303
2025848832  2030043135
3338916352  3338916479
1744058880  1744066559
1744331776  1744332799
1744555008  1744556031
2525091840  2525092863
3460948800  3460948863
1698037760  1698103295
1728847872  1728848895
1742340096  1742341119
1742737408  1742738431
1742988288  1742989311
1743208448  1743210495
1743929344  1743930367
1744103424  1744104447
3389809152  3389809663
3390339072  3390339327
3391525376  3391525887
3401431040  3401433087
3405934592  3405936639
3406083072  3406083327
3406201600  3406201855
3406204416  3406204671
3406272000  3406272511
3406347776  3406348543
3406392320  3406392575
3406513664  3406513919
3406893568  3406893823
3407492864  3407493631
3407496192  3407496447
3407511808  3407512063
3407555840  3407556095
3407629312  3407629567
3407667712  3407668223
3407747840  3407748095
3406898944  3406899199
3407034880  3407035135
3407053568  3407053823
3407175680  3407176703
3407305728  3407306751
3407403776  3407404031
3407438592  3407439103
3407452416  3407453183
3407459328  3407459583
3407491328  3407491839
3407623680  3407623935
3407644672  3407644927
3407761664  3407761919
3409409792  3409410047
3409429504  3409429759
1960209920  1960210431
1961671136  1961685559
1962016768  1962541055
2022211584  2022227967
2033504256  2033516543
2033914368  2034213775
2059141120  2059665407
1066823416  1066823423
1066829472  1066829479
1066829488  1066829503
3416133632  3416135679
3416309760  3416317951
3418161152  3418161663
980680704   980942847
1022722048  1022754815
3394064384  3394066431
3394508800  3394510847
2332375040  2332377087
2343567360  2343632895
2948136960  2948595711
2532442112  2532445183
2532454656  2532454911
788011008   788011519
794331136   794333183
822345728   822607871
837287936   837550079
3389418496  3389418751
3389528064  3389528319
3390337536  3390337791
3390338304  3390338559
3391659520  3391660031
3391915008  3391915519
3392110080  3392110335
1729392640  1729393663
2364735488  2364801023
1730807808  1730808831
1730997248  1731018751
1731138560  1731139583
1731158016  1731159039
1731168256  1731170303
1731646464  1731647487
1732498432  1732499455
1741392896  1741393919
1741687808  1741689855
1742422016  1742423039
1743017984  1743019007
1743105024  1743106047
1743503360  1743504383
1743673344  1743676415
1743686656  1743688703
1743700992  1743702015
1743761408  1743764479
1744208896  1744209919
1729115136  1729116159
1729225728  1729226751
1729458176  1729460223
1729559552  1729560575
1729671168  1729672191
1730417664  1730418687
1730491392  1730493439
1730973696  1730974719
1730981888  1730990079
1731212288  1731213311
1024328704  1024329727
1026555904  1027080191
3523543040  3523551231
736106496   736107519
736161792   736162815
736185344   736186367
738194432   738195455
762659840   762660863
762803200   762804223
763112448   763113471
763172864   763175935
763329536   763331583
645623552   645623807
1743888384  1743889407
1744634880  1744635903
1698160640  1698162687
1699741696  1700793343
1701737472  1701740543
1703936000  1704984575
3544186880  3544711167
1744408576  1744409599
3035168768  3035193343
1022820352  1022885887
1082788984  1082788991
3523557376  3523558399
1209358824  1209358831
3409455104  3409455359
3410952192  3410956287
1741930496  1741931519
1743726592  1743728639
1744193536  1744194559
1744701440  1744702463
1744812032  1744813055
1730924544  1730925567
1731607552  1731608575
1731957760  1731958783
1732141056  1732151295
1740861440  1740862463
2332393472  2332394495
3230433280  3230436351
3110988800  3110989055
1753496576  1753496831
3389420032  3389420287
3389521920  3389522175
3389971968  3389972479
3391946752  3391947519
3392069632  3392073727
3393860608  3393860863
3393912320  3393912831
1731716096  1731717119
1729495040  1729519615
1730825216  1730826239
1730875392  1730876415
1731134464  1731135487
1731341312  1731349503
1731471360  1731472383
1732089856  1732092927
1732406272  1732407295
1732743168  1732744191
2302360320  2302360575
2332409856  2332410879
3076229120  3076235263
2714697728  2714763263
1114046208  1114046271
455272448   455274495
460933120   460935167
3418293504  3418293759
711131136   711160831
737629184   737634303
737772544   737774591
1729655808  1729656831
1730496512  1730497535
1730608128  1730609151
1730892800  1730893823
1730967552  1730969599
1731142656  1731144703
1731485696  1731488767
1731688448  1731689471
1732723712  1732725759
1741158400  1741160447
1026523136  1026539519
1038614528  1039007743
607322112   607387647
717815808   717848575
737233920   737239039
737277952   737279999
737855488   737856511
737929216   737931263
762459136   762460159
762565632   762567679
762900480   762901503
762920960   762924031
763126784   763127807
763145216   763147263
763154432   763155455
1741591552  1741592575
1847732224  1847734271
1857028096  1860173823
1866989568  1867513855
1886224384  1886257151
1741069312  1741070335
1741330432  1741344767
1743238144  1743240191
1743355904  1743356927
1743451136  1743452159
1743715328  1743717375
1744291840  1744292863
1744436224  1744437247
1961150348  1961671131
1966419968  1966424063
1993605120  1993736191
1993811968  1993812223
1997537280  1997602815
1883832320  1884028927
1908539392  1908670463
1732558848  1732559871
1732774912  1732786175
1732808704  1732810751
1740668928  1740674047
1740755968  1740764159
1740771328  1740772351
1740881920  1740882943
1741047808  1741048831
1741195264  1741210623
1741564928  1741565951
1741984768  1741985791
1742270464  1742290943
2332401664  2332402687
2938765312  2938961919
2697630720  2697632767
3407819008  3407819263
3407824128  3407824383
3407956224  3407956479
3407971072  3407971327
3408009984  3408010239
3409502976  3409503487
3409563136  3409563391
3409897984  3409898239
3411051520  3411052543
2344878080  2346188799
1742005248  1742006271
1742347264  1742364671
1742450688  1742451711
1742602240  1742607359
1742910464  1742911487
1742948352  1742951423
1743133696  1743134719
3394945280  3394945535
3397320704  3397322751
3397527296  3397527551
3397574656  3397582847
3397595136  3397599231
3398035200  3398035455
3414618112  3414620159
3414646784  3414654975
3417179136  3417179391
3418297344  3418298367
3029770240  3029778431
3389945344  3389945855
3412366173  3412366173
3413043200  3413043967
3413606400  3413639167
3415138304  3415146495
3415496192  3415496703
3416047616  3416063999
3418162688  3418163199
3460949016  3460949023
2524119040  2524184575
3525300744  3526361087
3407989760  3407990015
3408055296  3408056319
3409533440  3409533695
3413850624  3413850879
3407865088  3407865343
3407923968  3407924223
3408026624  3408026879
3409469184  3409469439
3411675136  3411677183
3411705856  3411730431
3527933952  3528392703
3032323072  3032324095
3033718784  3033720063
3034505216  3034578943
3411644416  3411644671
3389524992  3389525247
3389600512  3389601535
3389602048  3389602815
3389805568  3389806079
3389955328  3389956095
3392098816  3392099327
3392110592  3392110847
3392924672  3392924927
3393126144  3393126399
3393609728  3393613823
3393628672  3393628927
3393736704  3393740799
3389392384  3389392895
3389802496  3389802751
3389933824  3389934847
3390770176  3390770431
3392825344  3392826367
3393858048  3393858303
3394041600  3394041855
3394238464  3394239487
2465692160  2465692175
1969881088  1970012159
1985216512  1985347583
2001600512  2001797119
2030567424  2032926719
2034213784  2034213787
1931427840  1931431935
1966080000  1966342143
2462342144  2462343167
3398877184  3398881279
3399873280  3399873535
3400271616  3400271871
3400826880  3400835071
3405808640  3405809663
3405832192  3405832447
3406090240  3406091263
3406757888  3406761983
3407115008  3407115263
2280935424  2280939519
1126018118  1126018118
1744577536  1744578559
3419529216  3419537407
2018246656  2019033087
2033057792  2033074175
2056290304  2056323071
2083024896  2083053567
2087714816  2088239103
2110783488  2110799871
1224093440  1224093695
400740608   400740639
603981824   604110847
1023323392  1023323647
1946175616  1946175743
1952251401  1952251403
1952251410  1952251410
1952251622  1952251622
1961109260  1961150343
1962672128  1962803199
1967800320  1967808511
782674616   782674623
1992163328  1992364031
1999273984  1999278079
1732253696  1732280319
1741153280  1741154303
1741351936  1741366271
1741428736  1741429759
1741661184  1741662207
1741809664  1741810687
1741840384  1741841407
1742011392  1742012415
1742190592  1742191615
1742210048  1742221311
1742317568  1742318591
2943334400  2943335423
3407144448  3407144703
3407260160  3407260415
3407554560  3407554815
3407704064  3407704319
3407851008  3407851263
3407907840  3407908095
3408062464  3408062719
3409574144  3409574399
3409888512  3409888767
3410798592  3410799615
3397323776  3397328895
3001868288  3001872383
2650734592  2650800127
2214399008  2214399015
2214399200  2214399223
3398803456  3398811647
3399745536  3399749631
3406002944  3406003199
3416375296  3416383487
1958871040  1959067647
1970814976  1970915327
2001915904  2001919999
2075147264  2075148287
2079457280  2079490047
2094792704  2096152575
3419668480  3419672575
3486633600  3486633727
2734686208  2734751743
3391852544  3391856639
3391914240  3391914495
3392942080  3392944127
3393027840  3393028095
3393089536  3393090559
2863857664  2863923199
3068952576  3068985343
3678928896  3678994431
3720347648  3720859647
3725590528  3729044691
3743135744  3743136767
2566914048  2566979583
1851540480  1851541503
1876787200  1876885503
1886322688  1886781439
1920008192  1920057343
1921253376  1921318911
1932146688  1932147711
1952250459  1952250459
1952251785  1952251787
1970962432  1970995199
1991776512  1991835647
1992949760  1993342975
1999142912  1999249407
2001993728  2002518015
3406206464  3406206975
3406342400  3406342655
3406611456  3406612479
3406755328  3406755583
3407238912  3407239167
3407769344  3407769599
3408004096  3408004351
3409506304  3409506559
3664248832  3664642047
3322656768  3322657023
1914650624  1914652671
3389023232  3389023743
3399523328  3399524351
1728820224  1728821247
1729282048  1729283071
1729662976  1729663999
1730122752  1730123775
1730453504  1730476031
1730927616  1730929663
1731204096  1731205119
1731267584  1731268607
1743768576  1743770623
1744108544  1744109567
1120517120  1120517375
3526934528  3526942719
1848836096  1849032703
1896595456  1896603647
1916534784  1917124607
1930952704  1931345919
1934999552  1935015935
1937244160  1937506303
762573824   762575871
763169792   763171839
771248128   771251199
771428352   771430399
771633152   771680255
1729773568  1729774591
1730631680  1730632703
1731187712  1731188735
1731314688  1731315711
737380352   737381375
737645568   737647615
737718272   737727487
738079744   738080767
738174976   738175999
762425344   762426367
762553344   762554367
762917888   762918911
762928128   762930175
771361792   771363839
645479424   645479935
645620480   645620735
716931072   716963839
645619712   645619967
1848639488  1848705023
1868283904  1868292095
1870135296  1870462975
1876946944  1876947967
1884291072  1885863935
1899291648  1899292671
1909719040  1909735423
1950648320  1950650367
1952250441  1952250444
1952250457  1952250457
1778396160  1778397183
1731552256  1731553279
2419129344  2419130367
1742884864  1742885887
1731774464  1731775487
1731791872  1731792895
1731802112  1731804159
1732098048  1732100095
1732849664  1732850687
1740657664  1740665855
1741305856  1741329407
1741381632  1741390847
1741536256  1741540351
3227865344  3227865599
1998274560  1998323711
1998467072  1998471167
2018017280  2018050047
2033630208  2033631231
2043215872  2043281407
2046296064  2046558207
2047082496  2047410175
1935933440  1936457727
1946159104  1946161151
1952251393  1952251395
1953497088  1953890303
1958847488  1958848511
1960214528  1960574975
1961685564  1961885695
1991376896  1991442431
1995571200  1995636735
1995702272  1996627967
2030305280  2030436351
2033321984  2033324031
2042626048  2043150335
2046836736  2046885887
2051014656  2053242879
2055733248  2056257535
2061500416  2061683811
2724790272  2724855807
3389812480  3389812735
3391657472  3391657727
3391746048  3391750143
3393146880  3393150975
3394985984  3394990079
3397369856  3397374463
3400194048  3400204287
3401383936  3401400319
3405775872  3405776895
3405797888  3405798399
3405857024  3405857791
3406305024  3406305279
3406449152  3406449663
3406981888  3406982143
3407027712  3407027967
3407037440  3407037695
3407185920  3407186431
3407318016  3407318527
3407367936  3407368191
3407425024  3407425279
3407455744  3407455999
3407466496  3407470591
3407631872  3407632127
3407678720  3407679231
3407757824  3407758079
3407854336  3407854591
3409456640  3409456895
3411087360  3411091455
2697635840  2697636863
3411869696  3411943423
3221956352  3221956607
1729286144  1729288191
1729684480  1729685503
1729731584  1729732607
3232386816  3232387071
2946392064  2946393087
2946498560  2947547135
3090306816  3090307071
3566698503  3566698503
3412680704  3412697087
3414171648  3414179839
3033070592  3033268223
3033720320  3033726975
3068991488  3068993535
3075735552  3075866623
1730625536  1730626559
1731527680  1731528703
1731578880  1731581951
1731939328  1731940351
1732493312  1732494335
1732737024  1732740095
1740684288  1740685311
1741034496  1741035519
1741044736  1741046783
1741145088  1741146111
1741176832  1741178879
1741264896  1741303807
3394899968  3394904063
3397088256  3397090303
3397218304  3397222399
3397374976  3397386239
3398373376  3398381567
2419326976  2419392511
3398885376  3398894591
3400337408  3400339455
3405801472  3405803519
3405804032  3405804543
3406000128  3406002431
3406008064  3406008319
3406104320  3406104575
3406346752  3406347263
3406591488  3406591743
3406706688  3406706943
3406741504  3406741759
3406981376  3406981631
3407056896  3407057151
3407153152  3407153407
3407281152  3407281663
3407310848  3407311103
3407366656  3407366911
3407997184  3407997439
3408032000  3408032255
3409384960  3409385215
3409409024  3409409535
3409489664  3409489919
3409509376  3409509631
1744584704  1744585727
1941635072  1941639167
1952251429  1952251430
1962622976  1962639359
1984131072  1984135167
1987051520  1988034559
2006228992  2006237183
2014838784  2015100927
2022182912  2022184959
2033385472  2033451007
2033647616  2033663999
2036715520  2036719615
2047606784  2047770879
2049966080  2050047999
2584871946  2584871951
453037056   453040127
453032960   453033983
704741376   704774143
712507392   712712191
2056830976  2056847359
2059943936  2059960319
2063079424  2063081471
2070708224  2070712319
2082406400  2082471935
2087462912  2087464959
999906304   999907327
999917568   999918591
1001127936  1001390079
1022033920  1022099455
1969487872  1969618943
1985486848  1985609727
1991507968  1991776255
1997144064  1997176831
456562688   456564735
459460608   459472895
460423168   460439551
606414592   606420991
794558464   796917759
1021837312  1021968383
460160000   460161023
2067005440  2067529727
2079588352  2079850495
2525085696  2525086719
2939027456  2942304255
3523558656  3523559423
1697789952  1697790975
1701199872  1701208063
1707081728  1707737087
1709178880  1709834239
1728287744  1728290815
1728504832  1728505855
3669618688  3669620735
3719036928  3719823359
3743272960  3743273983
1744524288  1744525311
1744612352  1744613375
3419457280  3419457295
1078660800  1078660831
3411607552  3411608575
3412051968  3412055039
3413557248  3413565439
3415801856  3415802879
3389413120  3389413887
3389953792  3389954047
3390328576  3390328831
3468090816  3468090879
3524853760  3525300739
2643722240  2643787775
3405812224  3405812479
3405990656  3405990911
3406103552  3406104063
3406320128  3406320383
3406671104  3406671359
3406786560  3406788607
3406835968  3406836735
3406889472  3406889727
3407026176  3407026431
3407081984  3407082239
3407083520  3407084031
3407108352  3407108607
3407300864  3407301119
3407418112  3407418367
3407782400  3407782655
3407804928  3407805439
3407858688  3407858943
3407945728  3407945983
3408001536  3408001791
3409403136  3409403391
3409511680  3409512191
3409520384  3409520639
2635202560  2635268095
3392109568  3392109823
3392794624  3392798975
3394946048  3394946303
3396868352  3396995071
3398370304  3398371327
2063085568  2063089663
2076672000  2076704767
2332388352  2332389375
2341732352  2341797887
2346844160  2346975231
1730024448  1730025471
1730136064  1730137087
1730484224  1730485247
1730731008  1730732031
1730733056  1730741247
1730865152  1730866175
1731961856  1731962879
1732813824  1732814847
1740873728  1740874751
1741136896  1741137919
1952250477  1952250477
1958850560  1958852607
1999634432  2000158719
2054619136  2054684671
1876951040  1877475327
1909850112  1909981183
1925642240  1925644287
1951727616  1951793151
1952251882  1952251882
1958809600  1958821887
1959526400  1959559167
1960126464  1960128511
1966800896  1967783935
2738207744  2738208767
460353536   460355583
3673751552  3673817087
3706126336  3706142719
1850736640  1851523071
1860706304  1860714495
1870055424  1870057471
1952026624  1952030719
1952250614  1952250614
1952250990  1952250990
1952382976  1952448511
1742500864  1742511103
1742532608  1742550015
1742663680  1742665727
1742914560  1742915583
1743803392  1743804415
1743894528  1743896575
1743915008  1743916031
1744527360  1744528383
3055550464  3056599039
999898112   999902207
999921664   999923711
1039138816  1039400959
978796544   978812927
983171072   983302143
999833600   999837695
1000013824  1000079359
1010237440  1010302975
234881024   234883071
1728271360  1728286719
1743703040  1743704063
1743813632  1743814655
1744385024  1744386047
1744406528  1744407551
1744497664  1744498687
1744564224  1744565247
1744627712  1744628735
1744782336  1744783359
1728617472  1728618495
1728744448  1728745471
1729170976  1729171006
1729208320  1729209343
1729464320  1729466367
453017600   453019647
534255750   534255750
401585408   401585439
708752384   708755455
710950912   710961151
717225984   717750271
736410624   736411647
736442368   736443391
737657856   737675263
737744896   737745919
737828864   737835007
247478272   247480319
247726080   247857151
248250368   248381439
1728605184  1728606207
1729170880  1729170942
1729171040  1729171070
1729367040  1729368063
1729673216  1729674239
1730070528  1730071551
1730084864  1730085887
1730832384  1730833407
1076875564  1076875567
1729889280  1729891327
1730776064  1730777087
1730778112  1730780159
1730903040  1730904063
1731328000  1731329023
1731558400  1731564543
1729757184  1729758207
1730043904  1730044927
1730376704  1730377727
2682388480  2682454015
3412787200  3412819967
3413595392  3413595647
3414188032  3414196223
3418570752  3418578943
3418587136  3418621951
1729381376  1729382399
1729404928  1729405951
1729690624  1729691647
2937978880  2938109951
2943314944  2943315967
2947587072  2947588095
3526557696  3526754303
3346194944  3346195455
2697608192  2697609215
3391906048  3391906303
3394042880  3394043903
3054551040  3054559231
3070174208  3070175231
2214398976  2214398983
3075388416  3075389439
2419117056  2419120127
3416372224  3416372479
3417034752  3417035007
3418210304  3418218495
3701403648  3701404671
3757965312  3758063615
3169899264  3169899519
3399633664  3399633919
3405807616  3405807871
3405905152  3405905663
3406327296  3406327807
3406587648  3406587903
3406833152  3406833407
3406838272  3406838527
3406948608  3406948863
3406955520  3406955775
3406962432  3406962687
3406993664  3406993919
3407250176  3407250431
3407294208  3407294463
3407331328  3407331583
3407519232  3407519743
3394621440  3394625535
3394832384  3394834431
3029653504  3029663743
3029724160  3029725183
3030935920  3030944879
3035316224  3035324415
3389808640  3389808895
3389931520  3389932031
3389962240  3389962751
3389978112  3389978367
3390386176  3390390271
3390770688  3390770943
3025403904  3025600511
3026083840  3026087935
3030933112  3030935915
1694498816  1694499839
1709853696  1709867007
1728235520  1728239615
1728362496  1728363519
1728585728  1728586751
1728649216  1728650239
1730541568  1730544639
1730551808  1730552831
1730599936  1730604031
1730932736  1730933759
1731696640  1731697663
1732086784  1732087807
1732579328  1732580351
1732642816  1732643839
1732726784  1732729855
1732817920  1732818943
1740742656  1740743679
1741075456  1741076479
1741233152  1741243391
1741631488  1741632511
1731196928  1731197951
2419067904  2419068927
1731633152  1731635199
1731653632  1731654655
1740913664  1740915711
1741022208  1741023231
1741084672  1741092863
1741805568  1741806591
1742225408  1742226431
1742904320  1742905343
771365888   771369983
771511296   771535871
771684352   771685375
679362560   679378943
831258624   831389695
704905216   705167359
736440320   736441343
2419121152  2419122175
2531196928  2531262463
2532481024  2532486143
1743119360  1743120383
1743474688  1743476735
3468090736  3468090751
3399074496  3399074527
3400790016  3400794111
1728519168  1728520191
1728996352  1728997375
1729037312  1729039359
1729171008  1729171038
1729202176  1729203199
1729308672  1729310719
1729837056  1729838079
3545235456  3546808319
3524001792  3524132863
3394698240  3394699263
3397812224  3397816319
1743466496  1743467519
1743974400  1743975423
1744404480  1744405503
1744620544  1744622591
3397963776  3397971967
3398208512  3398213631
3398842368  3398843391
3400171520  3400179711
3400264448  3400264703
3400392704  3400400895
3401532416  3401539583
3406343424  3406343679
3406389248  3406390271
3406516736  3406516991
3406521344  3406522367
3406577920  3406578431
2936012800  2937847807
3468085376  3468085439
3419226112  3419234303
3407595520  3407595775
3407628544  3407629055
3407691520  3407691775
3407942912  3407943167
3408067328  3408067583
3409451008  3409451263
3409488128  3409488383
675807232   675938303
1856880640  1856888831
3755737088  3755868159
3416694784  3416702975
3417179648  3417180159
3417202688  3417210879
3391950592  3391954943
3392413952  3392414463
3392417536  3392417791
3393843200  3393847295
3393856512  3393856767
3394289664  3394293759
3394351104  3394355199
3395284992  3395287039
3397001216  3397003263
3397083136  3397087231
3399875328  3399876607
2462350336  2462351359
3400048640  3400056831
3400432640  3400433663
3400769536  3400773631
3406114304  3406114815
3406146560  3406146815
3406380800  3406381055
3406631424  3406631679
3406972928  3406973951
3406976768  3406977023
3407162368  3407162623
3407243776  3407244031
3407429632  3407430143
3407538176  3407538431
3407620864  3407621375
3407646976  3407647231
3407691008  3407691263
3407772416  3407772671
3028385792  3028484095
3030929720  3030933107
2302367744  2302368767
2362245120  2362441727
2364342272  2364407807
3054538752  3054540799
3057054720  3057055743
3064856576  3064987647
3082158080  3082166271
3407862784  3407863039
3407944192  3407944447
3408041984  3408042495
3408044288  3408044799
3409447936  3409448191
3409486080  3409486335
3409529088  3409529343
3412267008  3412271103
1728390144  1728391167
1729004544  1729006591
1729375232  1729376255
1729427456  1729428479
1729935360  1729936383
1729986560  1729989631
1730634752  1730637823
1730697216  1730698239
1730771968  1730772991
1730951168  1730952191
1731235840  1731239935
1731386368  1731394559
1732609024  1732610047
1740678144  1740679167
1741522944  1741523967
1741937664  1741940735
1741958144  1741960191
1742201856  1742202879
1742411776  1742415871
1743176704  1743179775
1743186944  1743187967
1743420416  1743422463
1743691776  1743699967
1743791104  1743792127
1744690176  1744692223
1128822794  1128822794
2525101056  2525102079
3389943552  3389943807
3393014784  3393015807
3393523712  3393527807
3395018752  3395027967
3399530496  3399531263
3400866816  3400867839
3406095104  3406095359
3406530560  3406531583
3406884352  3406884607
3406896128  3406896383
3406936832  3406937087
3407020288  3407020543
3407364864  3407365119
3407440384  3407440639
3407500288  3407500543
3407612928  3407613183
3407721984  3407722495
3407779840  3407780095
3407871232  3407871487
3409412096  3409412607
3524290560  3524291583
3528450048  3528458239
3070099456  3070164991
3535822848  3535831039
2524512256  2524643327
2556985344  2557018111
736103424   736104447
736113664   736115711
3680125952  3680129023
3716186112  3716415487
3742629888  3742760959
3743284224  3743285247
3221952256  3221952511
1866711040  1866715135
1883218584  1883504639
1909481472  1909587967
3411550208  3411558399
3411763200  3411767295
3411860417  3411860417
3412058112  3412066303
3418290432  3418290687
3418326272  3418326527
3419357184  3419411455
3415236608  3415244799
2810904576  2810970111
3664010240  3664052223
3752198144  3752329215
3669606400  3669614591
3729044696  3730833407
1962901504  1962934271
3757047808  3757834239
3452724480  3452726783
3415563264  3415564287
2957203044  2957203047
3410817024  3410818047
3412025344  3412049919
1097131392  1097131423
3745513472  3749052415
3418627072  3418628095
3399036928  3399041023
3405956096  3405956607
3405996032  3405997055
3406284800  3406285055
3406317056  3406317311
3406341632  3406342143
3406632960  3406633215
3406707968  3406708479
3657433088  3659413503
3406802432  3406802687
3406839552  3406839807
3407031296  3407032063
3407036416  3407036671
3407089920  3407090175
3407168512  3407168767
3407241984  3407242239
3407315456  3407315711
3407332608  3407333119
3407459840  3407460095
3407575296  3407575551
3407723776  3407724287
3407780864  3407781119
3407796480  3407796735
3407817984  3407818495
3407963136  3407963391
3409407232  3409407743
1781792768  1782579199
3524730880  3524739071
3522131956  3522131956
3055007744  3055009791
3059744768  3063414783
3069181952  3069706239
3070180864  3070181375
3075585024  3075586047
3389944320  3389944831
3390801920  3390802431
2525071360  2525072383
3405795584  3405796095
3405844992  3405845247
3406225408  3406229503
3406349568  3406350335
3406566144  3406566399
3406594560  3406594815
3406596352  3406596607
3406722560  3406722815
3407151104  3407151871
3407522304  3407522559
3407523072  3407523327
3407698432  3407698687
3407838208  3407838463
3407898880  3407899135
3407926272  3407926527
3408008448  3408008703
3408030208  3408030463
3409428480  3409428735
3409528064  3409528831
3409561600  3409561855
3450404848  3450404855
3230440448  3230455807
3391687424  3391688191
3394232320  3394234367
3740270592  3740925951
3758091264  3758092287
3758095360  3758095871
3056992256  3057025023
3057451008  3057516543
2943324160  2943332351
3221953024  3221953279
1701134336  1701142527
1701144064  1701150719
1728123904  1728125951
1728161792  1728162815
1728590848  1728591871
1728670720  1728671743
1728955392  1728956415
1729177600  1729178623
1729940480  1729941503
1730478592  1730479103
1730553856  1730555903
1730660352  1730669567
3460906080  3460906111
3416726528  3416727551
3417947392  3417947647
3419073536  3419074559
763186176   763194367
763334656   763336703
771424256   771425279
771445760   771450879
1778401280  1778417663
1785462784  1786773503
3414663168  3414667263
3418329088  3418333183
2584872000  2584872000
3405946880  3405948927
3406266624  3406266879
3406322432  3406322687
3406454528  3406454783
3406462208  3406462463
3406590464  3406590719
3406619136  3406619391
3406830336  3406830591
3407188224  3407188479
3407238144  3407238399
3407345920  3407346175
3407457792  3407458303
3407682560  3407682815
3407696128  3407696383
3407800320  3407800831
3407828224  3407828479
3407919616  3407920127
3407984896  3407985151
3408040704  3408040959
3409445120  3409445375
3410796544  3410797567
3410926592  3410927615
3411032320  3411032575
1730150400  1730360319
1730489344  1730490367
3035328512  3035329535
3054632960  3054665727
3064023552  3064023807
2415919104  2415984639
3401642752  3402629119
3405811200  3405811455
3405813248  3405814015
3406373888  3406374399
3406565376  3406565631
3407030528  3407030783
3407236096  3407236351
3407309568  3407309823
3407436544  3407436799
3407473408  3407473919
3407516672  3407517183
3407657728  3407657983
3407730944  3407731199
3407834112  3407834623
3407938560  3407938815
3407953664  3407954175
3408013056  3408013311
3411206144  3411210239
2532489216  2532492287
2532496384  2532497407
2533294080  2533359615
2573402112  2573467647
3659415552  3659530239
3735027712  3735289855
1741666304  1741674495
1741815808  1741816831
1741988864  1741989887
1742387200  1742388223
737947648   737948671
762706944   762707967
763087872   763088895
763108352   763111423
771339264   771340287
771578880   771587071
401583616   401583647
978452480   978485247
1744413696  1744417791
1744468992  1744470015
2573533184  2573598719
736187392   736188415
736487424   736489471
737267712   737276927
737787904   737788927
738168832   738169855
738189312   738192383
762348544   762349567
762630144   762631167
606601216   607256575
459983872   459984895
465043456   467927039
1126017542  1126017542
794365952   794367743
794369536   794371071
794372352   794378239
999845888   999847935
1023692800  1023696895
1742671872  1742702591
1742894080  1742895103
1742942208  1742943231
1743180800  1743181823
1743228928  1743229951
1743403008  1743404031
1743486976  1743493119
1743800320  1743801343
1744086016  1744087039
1744355328  1744356351
1744483328  1744484351
1744594944  1744595967
1744704512  1744705535
1744816128  1744817151
2214528138  2214528138
1731020800  1731060735
1731161088  1731162111
1731254272  1731262463
1731511296  1731512319
1732429824  1732430847
1732542464  1732543487
1732697088  1732698111
1732800512  1732806655
1740870656  1740872703
1741694976  1741698047
1899749376  1899750399
1919827968  1919844351
1920002560  1920003071
1966452736  1966456831
1969702912  1969704959
1988067328  1988075519
1988362240  1988624383
2007025664  2007027711
2013028352  2013030399
2033077248  2033078271
2035875840  2035941375
3395387392  3396868319
1891631104  1891893247
1909744640  1909745663
1920071168  1920072703
1920073728  1920466943
1950482432  1950515199
1952251874  1952251874
3411746816  3411755007
3412000768  3412002815
3412344576  3412344831
3263875584  3263876095
2641839104  2641840127
1848414208  1848418303
1851654144  1853882367
1876761600  1876761855
1917845504  1919680511
1919811584  1919815679
1947205632  1948254207
1949990912  1949995007
1952250274  1952250274
1960091648  1960095743
3026157568  3028287487
3030944884  3030952523
3033530368  3033661439
2358181888  2358247423
2053521408  2053529599
2075152384  2075156479
2082258944  2082308095
2084569088  2084732927
2090270720  2090401791
2100869376  2100869631
2100985856  2101018623
2746286080  2746351615
3413037056  3413041151
3414302720  3414310911
3416326144  3416327167
3394920448  3394928639
3399335936  3399344127
3400028160  3400029183
3400259584  3400261631
3401515008  3401515263
3406007040  3406007295
3406208256  3406208511
3406372864  3406373119
3406698496  3406699519
3407073280  3407073535
1097131328  1097131367
2638020608  2638086143
2641828864  2641829887
2644246528  2644312063
1697906688  1697972223
1728120832  1728121855
3452723200  3452724223
3069050880  3069124607
3528409088  3528425471
3389571072  3389575167
3391533056  3391533567
3391658752  3391659263
3391898368  3391898623
3392045056  3392045311
3392864256  3392864767
1729746944  1729747967
1729797120  1729799167
1730503680  1730505727
1731543040  1731545087
1731718144  1731720191
1731741696  1731743743
1732122624  1732123647
1732283392  1732285439
1732718592  1732719615
1741349888  1741350911
1741548544  1741549567
2816275456  2816276479
1731374080  1731382271
1731587072  1731588095
1731725312  1731726335
1731748864  1731750911
1731808256  1731809279
1732190208  1732205567
1732286464  1732318207
1741408256  1741409279
1741413632  1741413887
1741481984  1741484031
3690070016  3690463231
3698327552  3698589695
1848380416  1848381439
1874460672  1874591743
1888038912  1888040959
1926234112  1929379839
1940389888  1940914175
1950679040  1950777343
1951137792  1951399935
1952251441  1952251442
1952251817  1952251818
3397586944  3397588991
3397794304  3397794559
3412336640  3412340735
3415137024  3415137279
3418067200  3418067455
3413594112  3413595135
3417038848  3417042943
3418308608  3418324991
3389541632  3389541887
3389932800  3389933055
3389941760  3389942271
3391620864  3391621119
1354879210  1354879219
1743036416  1743037439
1495170208  1495170211
2584871976  2584871976
3033792512  3033923583
3066560512  3067084799
2070216704  2070282239
2072530944  2072535039
826277888   828375039
832045056   832307199
2738159616  2738163711
2738182144  2738195455
3413579776  3413582847
2419087360  2419088383
2332381184  2332382207
2332622848  2332688383
2365128704  2365259775
3398705152  3398709247
3399631616  3399631871
3524161536  3524247551
3528589312  3528720383
1728681984  1728683007
1728857088  1728858111
1729314816  1729317887
1729618944  1729619967
1729707088  1729707148
1729818624  1729819647
1730437120  1730438143
1730952704  1730952959
2462336000  2462339071
3025603092  3025603095
3030952528  3031433215
1728942080  1728943103
1729171136  1729171166
1729847296  1729848319
1729957888  1729958911
1730573312  1730574335
1730650112  1730658303
1730796544  1730800639
1730970624  1730971647
1731070976  1731103743
1856315392  1856323583
1883218556  1883218579
1917796352  1917812735
1952250278  1952250278
1952251378  1952251378
1952251626  1952251626
2001457152  2001461247
2019426304  2019557375
2034213792  2034237439
2047508480  2047574015
2432630784  2432696319
1743602688  1743603711
1743624192  1743625215
1743778816  1743779839
1744205824  1744207871
1744551936  1744552959
1744728064  1744729087
1741946880  1741950975
1741968384  1741969407
1742559232  1742589951
1742984192  1742985215
1743381504  1743382527
1742236672  1742237695
1742483456  1742488575
1742998528  1742999551
1743458304  1743459327
1743468544  1743470591
1743945728  1743947775
1743955968  1743959039
1744649216  1744650239
1744749568  1744749823
1967816704  1969225727
1992368128  1992372258
1999254528  1999255551
2019164160  2019360767
2057043968  2057306111
2061683816  2063073279
2947678208  2947743743
2419108864  2419109887
3229391360  3229391615
1952251798  1952251798
1959591936  1959657471
1741944832  1741945855
1741997056  1741999103
1742099456  1742100479
1742173184  1742175231
1742320640  1742327807
1742452736  1742453759
2197047904  2197047904
620721152   620722175
1779105792  1781727231
1823359584  1823359607
1995374592  1995440127
1997717504  1997723647
2016673792  2016935935
2059937792  2059939839
2072576000  2072772607
2073034752  2075131903
2093481984  2094006271
2096349184  2096365567
2340487168  2340552703
2346713088  2346778623
2364538880  2364604415
2364727040  2364727551
2015232000  2016542719
2021654528  2022178815
2033909760  2033914111
2077097984  2077229055
2084765696  2085617663
2096234496  2096300031
1744294912  1744295935
1744543744  1744544767
1744631808  1744632831
1354879200  1354879208
1732402176  1732403199
1732815872  1732816895
1741009920  1741010943
1741370368  1741372415
1743012864  1743013887
1743126528  1743127551
1743136768  1743138815
1743349760  1743350783
1743393792  1743394815
1743581184  1743589375
1743984640  1743985663
1744122880  1744123903
1567825808  1567825815
2416705536  2416771071
1702952960  1703411711
1728226304  1728227327
1731737600  1731739647
1731823616  1731824639
1731838976  1731839999
1731996672  1731997695
1732338688  1732348927
1732388864  1732389887
1741441024  1741442047
1742982144  1742983167
1743030272  1743031295
1743630336  1743652863
2342453248  2342518783
2362572800  2362638335
1249487000  1249487007
1856815104  1856843775
1952250425  1952250425
1952251449  1952251449
1952251502  1952251502
2000388096  2000617471
1870528512  1873281023
1877711872  1877721087
1899364352  1899724799
1904369664  1904375807
1947009024  1947074559
1949433856  1949437951
1950089216  1950351359
1952250433  1952250437
1952251682  1952251682
1952251777  1952251779
2002780160  2003304447
1697777664  1697779711
1700823040  1700855807
1728358400  1728359423
1728645120  1728646143
1741855744  1741864959
1742046208  1742061567
1742703616  1742714879
1742789632  1742793727
1742980096  1742981119
1743053824  1743055871
1743076352  1743077375
1743095808  1743096831
1743953920  1743954943
1744048128  1744049151
1744398336  1744399359
1732156416  1732166655
1732220928  1732221951
1732231168  1732236287
1732756480  1732758527
1740941312  1740942335
1741079552  1741081599
1742132224  1742133247
1742169088  1742172159
771686400   771719167
1742179328  1742180351
1742243840  1742244863
1743047680  1743049727
1743324160  1743325183
1743434752  1743435775
2007070720  2007498751
2019035136  2019037183
2036629504  2036678655
2108358656  2108424191
2111307776  2111832063
1358900672  1358900735
455344128   456130559
460598272   460599295
654311424   654311679
1054381056  1054381311
1876886528  1876890623
2043199488  2043201535
2059796480  2059862015
2070118400  2070159359
2070728704  2070732799
2079506432  2079508479
2093219840  2093285375
838262784   838270975
1067934912  1067934927
737918976   737919999
738066432   738069503
738092032   738094079
762407936   762408959
762427392   762428415
762551296   762552319
704645120   704650239
717881344   720437247
720502784   721420287
736291840   736300031
736331776   736334847
736335872   736344063
737163264   737165311
737652736   737656831
759238656   759242751
762601472   762603519
762441728   762442751
762536960   762537983
782672816   782672831
658505728   661454847
711161856   711163903
736471040   736479231
736501760   736502783
737127424   737129471
737328128   737331199
737346560   737350655
737635328   737637375
710105088   710934527
736438272   736439295
737344512   737345535
737685504   737686527
738082816   738083839
738087936   738091007
794307328   794307583
825425920   825753599
829423616   830210047
962355200   962359295
977397760   977399807
704643072   704644095
736116736   736119807
736396288   736398335
736886784   737096703
737257472   737262591
737625088   737626111
737680384   737681407
737735680   737736703
737879040   737880063
738077696   738078719
738177024   738178047
762368000   762372095
762456064   762457087
714866688   714874879
736111616   736112639
736196608   736198655
736483328   736485375
736567296   736571391
737822720   737823743
738156544   738157567
759197696   759198207
760107008   760111103
461373440   461504511
763180032   763182079
771555328   771577855
401582848   401582879
709885952   710017023
645480192   645480447
645623040   645623295
794368000   794369279
736141312   736142335
736264192   736286719
736458752   736459775
736579584   736587775
737332224   737333247
737775616   737782783
762472448   762473471
762504192   762505215
762615808   762616831
762647552   762648575
762788864   762792959
763046912   763059199
763068416   763071487
763106304   763107327
763196160   763196415
771321856   771322879
606413824   606414335
19922944    20185087
16779264    16781311
17432576    17435135
16843264    16859135
16785408    16793599
17435392    17465343
17039616    17072127
16909312    16941055
30015488    30408703
17301504    17367039
29097984    29884415
17563648    17825791
386775040   386777087
22020096    23068671
24379392    24641535
28573696    28966911
20447232    20971519
241598464   241599487
16842752    16843007
21233664    21495807
234952704   234953727
18350080    18874367
241605632   241606655
19726336    19791871
16777472    16778239
234884096   234885119
96926632    96926639
234946560   234947583
235929600   236978175
241611776   241612799
243400704   243531775
234971136   234972159
386097920   386098175
247483392   247484415
401582592   401582623
248512512   249561087
400742912   400742943
241631232   243269631
234974208   234975231
243662848   243793919
401582336   401582367
388673536   388677631
400741120   400741151
16973824    17039359
603979776   603980799
794308608   794312959
794493184   794493439
762522624   762523647
762585088   762587135
794313984   794315263
736432128   736433151
736455680   736456703
737845248   737846271
738099200   738100223
762390528   762391551
762496000   762498047
762644480   762645503
762786816   762787839
762874880   762875903
762948608   762950655
763077632   763083775
763327488   763328511
771538944   771550207
737291264   737297407
737378304   737379327
737949696   737950719
738159616   738160639
762431488   762437631
762438656   762439679
762592256   762594303
763089920   763090943
1023975424  1023979519
788411328   788411343
794304512   794306559
794306816   794307071
831514904   831514912
837795840   837812223
762895360   762896383
762966016   762981375
763042816   763045887
763066368   763067391
771229696   771230719
771400704   771401727
771459072   771482623
771489792   771503103
794371328   794372095
988807168   989855743
991952896   995360767
1023344640  1023410175
1026416640  1026420735
737600512   737601535
605028352   606412799
782675072   782675079
2103967744  2105540607
1740867584  1740868607
1740920832  1740923903
1740950528  1740951551
1741399040  1741401087
1742715904  1742734335
1742878720  1742880767
1743121408  1743123455
1743334400  1743335423
1744592896  1744593919
2332423168  2332424191
2342191104  2342256639
2067791872  2070052863
2081685504  2081947647
2332384256  2332385279
1728211968  1728212991
1728477184  1728478207
1728874496  1728875519
1729183744  1729184767
1729823744  1729824767
1730419712  1730420735
1730509824  1730510591
1730677760  1730686975
1730728960  1730729983
1731727360  1731729407
1732604928  1732605951
1732687872  1732688895
1740689408  1740692479
1741489152  1741490687
1741498368  1741500415
1741645824  1741646847
1741923328  1741925375
1743825920  1743826943
1758404608  1758412799
2617122460  2617122489
2642018304  2642083839
2654089216  2654089727
2685677568  2685678591
2814181376  2814246911
1742960640  1742961663
1743294464  1743295487
1743357952  1743358975
1743579136  1743580159
1743733760  1743734783
1743765504  1743767551
1744141312  1744143359
1744306176  1744306687
1744575488  1744576511
1850408960  1850490879
1856372736  1856503807
1866596352  1866661887
1869611008  1870004223
1920058368  1920069631
1940275200  1940283391
1952250298  1952250298
1952251425  1952251426
1952251821  1952251822
3024879616  3025141759
3222006784  3222007039
2641850368  2641851391
2685652992  2685656063
2088632320  2089287679
2092957696  2093088767
3035205632  3035206655
2363490304  2363555839
3389028864  3389029375
3389378560  3389381631
3389599744  3389600255
3389784320  3389784831
3389813760  3389814015
3055011840  3055013887
3056623616  3056631807
2641855488  2641864703
2641883136  2641884159
2532449280  2532450303
3398713344  3398729727
3398819840  3398828031
3399026432  3399026687
3399393280  3399401471
3405780992  3405781247
3405811712  3405811967
3405944832  3405946367
3405959424  3405959679
3406107904  3406108415
3406208768  3406209023
3406301184  3406301439
3406355456  3406355711
3406531840  3406532607
3406780160  3406780927
3406956288  3406956543
3407123968  3407124223
3407153664  3407153919
3407182848  3407183103
3407224576  3407224831
3407326208  3407326463
3407346432  3407346687
3407518208  3407518463
3407535616  3407535871
3407596032  3407596287
3407693056  3407693311
3407727872  3407728127
3408022528  3408022783
3409522176  3409522431
3409536256  3409536511
3409567232  3409567487
3409871616  3409871871
3410898944  3410903039
3411591168  3411599359
2080268288  2080270335
2096627712  2096660479
3523575808  3523583999
3524149248  3524157439
3394501632  3394502655
3394895872  3394896895
3399873792  3399874047
3400040448  3400044543
2947595264  2947596287
1729133568  1729134591
1729170816  1729170846
1729520640  1729527807
1730403328  1730404351
1730557952  1730558975
1730613248  1730614271
1730811904  1730812927
1731065856  1731066879
1731106816  1731115007
1731297280  1731298303
736211968   736212991
736498688   736499711
736549888   736559103
736562176   736563199
737382400   737384447
737864704   737865727
762580992   762584063
763337728   763338751
771341312   771348479
1730398208  1730399231
1730531328  1730535423
1730781184  1730783231
1730905088  1730906111
1732043776  1732044799
1732066304  1732067327
1732325376  1732337663
1740648448  1740651519
1740749824  1740751871
1741406208  1741407231
1741581312  1741582335
1741677568  1741679615
1741691904  1741692927
1741803520  1741804543
2346385408  2346582015
3524296704  3524313087
3418480640  3418488831
2344026112  2344091647
2214399056  2214399071
3757867008  3757899775
2419081216  2419082239
1700794368  1700798463
2738221056  2738222079
2743992320  2744057855
2748055552  2748121087
3075582976  3075583999
1876948992  1876950015
1755782656  1755783167
2076442624  2076573695
2101346304  2103640063
1743964160  1743965183
1744322560  1744323583
1744534528  1744536575
1744747520  1744748543
3389942784  3389943295
3389947648  3389947903
3389968384  3389968895
3390502912  3390504959
3391620096  3391620607
3392016384  3392017151
3392017408  3392017919
3393726464  3393728511
3394905344  3394905599
3397026816  3397027071
3398613504  3398613759
1983905792  1984102399
1986523905  1986525183
2012741632  2013003775
2043412480  2043674623
2078801920  2079064063
2079916032  2079981567
2090041344  2090074111
3026089984  3026092031
3656615680  3656615687
3688366080  3689938943
3706322944  3706388479
3715760128  3715891199
3754950656  3755474943
3029602304  3029604351
3048122672  3048122687
3413308416  3413309439
1730770276  1730770375
1730918400  1730919423
1731309568  1731311615
1731759104  1731760127
1732349952  1732358143
1732532224  1732533247
1740826112  1740826623
1740916736  1740917759
1741061120  1741062143
1741345792  1741346815
1741472768  1741473791
1741871104  1741872127
1742076928  1742077951
3389953280  3389953535
3025601920  3025602047
3031957504  3032252415
3391835136  3391836159
3392102400  3392106495
3392507648  3392507903
3393124352  3393125631
3394948352  3394948607
3394961408  3394962431
3397349376  3397363711
3405941760  3405942015
3406149888  3406150399
3406354688  3406354943
3406575872  3406576127
3407005440  3407005695
3407058176  3407058431
3407223808  3407224319
3407388928  3407389183
3407548160  3407548671
3407638528  3407638783
3407655424  3407655935
3407671040  3407671295
3407675904  3407676159
3407706112  3407707135
3407734528  3407734783
3407803904  3407804159
3407852800  3407853055
3407854848  3407855103
3409494016  3409494271
3409838592  3409838847
3410808832  3410811903
3411214336  3411215359
3412343808  3412344063
1602405888  1602406015
3394953216  3394957311
3395091456  3395093503
3405924608  3405924863
3405964544  3405964799
3406282752  3406283263
3406638080  3406638591
3393814528  3393815551
1778384896  1778385151
1793064960  1794113535
3353732000  3353732031
1849163776  1849819135
1850514432  1850515455
1855455232  1855848447
1867841536  1867907071
1897737984  1897737984
1899274240  1899282431
1919942656  1919947775
1925447680  1925578751
1946163200  1946165247
1950011392  1950015487
1952251437  1952251438
1952251813  1952251814
1962835968  1962868735
3406751488  3406751743
3406784768  3406785023
3406796544  3406796799
3406966784  3406967295
3407328768  3407329023
3407403264  3407403519
3407487488  3407487743
3407532544  3407532799
3407826944  3407827199
3407974656  3407974911
3409492736  3409492991
3414433792  3414441983
3400269824  3400270847
3400888320  3400892415
3406132736  3406132991
3406133248  3406133503
3406299136  3406299391
3406321152  3406321663
3406381312  3406381567
3406383872  3406384127
3406718976  3406719231
3406952448  3406952959
3407279360  3407279871
3407362560  3407362815
3407533568  3407533823
3407572224  3407572479
3407694080  3407694335
3407700992  3407701247
3407748352  3407748607
3407785728  3407785983
3407877120  3407877375
3407889408  3407889919
3407910912  3407911167
3407988736  3407988991
3408041472  3408041727
3409525248  3409525503
3450345336  3450345343
3412283392  3412287487
3412343296  3412343551
3523688448  3523690495
3389435904  3389439999
3389935104  3389935615
3390332416  3390332927
3391488000  3391489023
3391720960  3391721215
3391733760  3391734015
3391734784  3391736831
3392918528  3392919551
3392925696  3392925951
3392963584  3392970751
3394067456  3394068479
3395028992  3395031039
3523346432  3523354623
2641823744  2641826815
3322650880  3322651135
3322657280  3322658815
3662735748  3663986687
3670016000  3671064575
3679584256  3679649791
3754491904  3754688511
3679682560  3679715327
3707240448  3707568127
3716538368  3716546559
3753902080  3754033151
3230211840  3230212095
3452729600  3452731391
2067595264  2067726335
2083057664  2083058687
1694760960  1695023103
1701143552  1701143807
1709965312  1710882815
3389419008  3389419519
3389522432  3389523455
3389949696  3389950207
3390340352  3390341119
3390411520  3390412031
1728817152  1728818175
1728992256  1728993279
1729171168  1729171198
1729198080  1729199103
1730426880  1730429951
1731130368  1731132415
1731363840  1731366911
2419110912  2419112959
1731948544  1731953663
1732129792  1732130815
1732440064  1732447231
1732488192  1732489215
1741722624  1741723647
1741778944  1741779967
1742139392  1742141439
2462332928  2462333951
3389596160  3389596671
3389788416  3389788927
3389948160  3389948415
3389969664  3389969919
3392442112  3392442623
3415474176  3415495679
3415752704  3415760895
3417276416  3417284607
3418251264  3418255359
3393849344  3393851391
3394697472  3394697727
3395158272  3395158527
3397505024  3397505279
3397636096  3397640191
3397922816  3397926911
3398606848  3398610943
3400417280  3400421375
3400861696  3400862719
3405847040  3405847551
3406089472  3406089727
3406438912  3406439167
3406826496  3406827007
3406827520  3406829567
3406907904  3406908415
3407065088  3407065343
3407102208  3407102463
3407222784  3407223039
3407447808  3407448063
3407549440  3407549695
3407560960  3407561471
3407612416  3407612671
3407657216  3407657471
3407660032  3407660287
3407831296  3407831551
3407957760  3407958015
3407982080  3407982335
3407999744  3407999999
3409465856  3409466367
3409517568  3409517823
3409901056  3409901311
3411018752  3411019263
3700981760  3701014527
3708616704  3708813311
3735552000  3739222015
72265218    72265218
247464960   247465983
736230400   736231423
736345088   736354303
736528384   736529407
737226752   737227775
737596416   737597439
737807360   737810431
737841152   737843199
737870848   737873919
738084864   738085887
738095104   738097151
762800128   762801151
763288576   763289599
771279872   771295231
771631104   771632127
830472192   830472447
1019740160  1021313023
1023246336  1023279103
1025295104  1025295615
1778515968  1779040255
1851596800  1851604991
1866743808  1866751999
1868363776  1868365823
1870086144  1870110719
1893728256  1896480767
1921646592  1921777663
1921859584  1921861631
1950527488  1950528511
1960132608  1960181759
1992384512  1992818687
2011922432  2011938815
2022670336  2022678527
2055234560  2055235583
2066915328  2066923519
2090240256  2090240511
2110914560  2111045631
1728923648  1728924159
1728936960  1728937983
1729357824  1729358847
1729396736  1729397759
1729786880  1729787903
1729825792  1729826815
1730079744  1730080767
1730373632  1730374655
1730421760  1730422783
1730567168  1730569215
1731163136  1731165183
1731222528  1731223551
1731299072  1731299327
1731709952  1731711999
1731770368  1731771391
1731945472  1731946495
1740945408  1740946431
1741501440  1741502463
1741921280  1741922303
1742154752  1742156799
1742342144  1742346239
1742748672  1742749695
1742898176  1742899199
1743550464  1743551487
1743591424  1743593471
1743870976  1743873023
2641821696  2641822719
2697647104  2697658367
1744360448  1744361471
1744693248  1744694271
1744799744  1744801791
1749464320  1749464575
3389595648  3389595903
3389974272  3389974527
3393966080  3393970175
3394857984  3394859007
3395176960  3395177215
3397009408  3397017599
3397517312  3397525503